04 08 00 00 00 00 00 00 04 00 c0 40 88 00 00 00
04 08 00 00 00 00 00 00 04 00 c0 40 88 00 00 00
04 01 00 00 00 00 00 00 04 00 c0 40 88 00 c0 00
04 08 00 00 00 00 00 00 04 08 00 00 00 00 00 00
04 01 00 00 00 00 00 00 04 08 00 00 00 00 00 00
04 00 20 00 00 00 00 00 04 00 02 00 00 00 00 00
04 00 00 00 00 00 00 00 04 08 00 00 00 00 00 00
04 00 00 00 00 00 00 00 04 08 00 00 00 00 00 00
04 08 00 00 00 00 00 00 04 00 c0 40 88 00 00 00
04 08 00 00 00 00 00 00 04 00 c0 40 88 00 00 00
04 01 00 00 00 00 00 00 04 00 c0 40 88 00 c0 00
04 08 00 00 00 00 00 00 04 08 00 00 00 00 00 00
04 01 00 00 00 00 00 00 04 08 00 00 00 00 00 00
04 20 20 00 00 00 00 00 04 00 02 00 00 00 00 00
04 00 00 00 00 00 00 00 04 08 00 00 00 00 00 00
04 00 00 00 00 00 00 00 04 08 00 00 00 00 00 00
04 08 00 00 00 00 00 00 04 00 c0 40 88 00 00 00
04 08 00 00 00 00 00 00 04 00 c0 40 88 00 00 00
04 01 00 00 00 00 00 00 04 00 c0 40 88 00 c0 00
04 08 00 00 00 00 00 00 04 08 00 00 00 00 00 00
04 01 00 00 00 00 00 00 04 08 00 00 00 00 00 00
04 00 20 00 00 00 00 00 04 00 02 00 00 00 00 00
04 00 00 00 00 00 00 00 04 08 00 00 00 00 00 00
04 00 00 00 00 00 00 00 04 08 00 00 00 00 00 00
04 08 00 00 00 00 00 00 04 00 c0 40 88 00 00 00
04 08 00 00 00 00 00 00 04 00 c0 40 88 00 00 00
04 01 00 00 00 00 00 00 04 00 c0 40 88 00 c0 00
04 08 00 00 00 00 00 00 04 08 00 00 00 00 00 00
04 01 00 00 00 00 00 00 04 08 00 00 00 00 00 00
04 20 20 00 00 00 00 00 04 00 02 00 00 00 00 00
04 00 00 00 00 00 00 00 04 08 00 00 00 00 00 00
14 10 10 10 10 10 10 10 04 08 00 00 00 00 00 00
04 08 00 00 00 00 00 00 04 00 c0 40 88 00 00 00
04 08 00 00 00 00 00 00 04 00 c0 40 88 00 00 00
04 00 00 00 00 00 00 00 04 00 c0 40 88 00 c0 00
04 08 00 00 00 00 00 00 04 08 00 00 00 00 00 00
04 01 00 00 00 00 00 00 04 08 00 00 00 00 00 00
04 00 20 00 00 00 00 00 04 00 02 00 00 00 00 00
04 00 00 00 00 00 00 00 04 08 00 00 00 00 00 00
04 00 00 00 00 00 00 00 04 08 00 00 00 00 00 00
04 08 00 00 00 00 00 00 04 00 c0 40 88 00 00 00
04 08 00 00 00 00 00 00 04 00 c0 40 88 00 00 00
04 00 00 00 00 00 00 00 04 00 c0 40 88 00 c0 00
04 08 00 00 00 00 00 00 04 08 00 00 00 00 00 00
04 01 00 00 00 00 00 00 04 08 00 00 00 00 00 00
04 20 20 00 00 00 00 00 04 00 02 00 00 00 00 00
04 00 00 00 00 00 00 00 04 08 00 00 00 00 00 00
04 00 00 00 00 00 00 00 04 08 00 00 00 00 00 00
04 08 00 00 00 00 00 00 04 00 c0 40 88 00 00 00
04 08 00 00 00 00 00 00 04 00 c0 40 88 00 00 00
04 00 00 00 00 00 00 00 04 00 c0 40 88 00 c0 00
04 08 00 00 00 00 00 00 04 08 00 00 00 00 00 00
04 01 00 00 00 00 00 00 04 08 00 00 00 00 00 00
04 00 20 00 00 00 00 00 04 00 02 00 00 00 00 00
04 00 00 00 00 00 00 00 04 08 00 00 00 00 00 00
04 00 00 00 00 00 00 00 04 08 00 00 00 00 00 00
04 08 00 00 00 00 00 00 04 00 c0 40 88 00 00 00
04 08 00 00 00 00 00 00 04 00 c0 40 88 00 00 00
04 00 00 00 00 00 00 00 04 00 c0 40 88 00 c0 00
04 08 00 00 00 00 00 00 04 08 00 00 00 00 00 00
04 01 00 00 00 00 00 00 04 08 00 00 00 00 00 00
04 20 20 00 00 00 00 00 04 00 02 00 00 00 00 00
04 00 00 00 00 00 00 00 04 08 00 00 00 00 00 00
14 10 10 10 10 10 10 10 04 08 00 00 00 00 00 00
04 08 00 00 00 00 00 00 04 00 c0 40 88 00 00 00
04 08 00 00 00 00 00 00 04 00 c0 40 88 00 00 00
04 01 00 00 00 00 00 00 04 00 c0 40 88 00 c0 00
04 08 00 00 00 00 00 00 04 08 00 00 00 00 00 00
04 01 00 00 00 00 00 00 04 08 00 00 00 00 00 00
04 00 20 00 00 00 00 00 04 00 02 00 00 00 00 00
04 01 00 00 00 00 00 00 04 08 00 00 00 00 00 00
04 00 00 00 00 00 00 00 04 08 00 00 00 00 00 00
04 08 00 00 00 00 00 00 04 00 c0 40 88 00 00 00
04 08 00 00 00 00 00 00 04 00 c0 40 88 00 00 00
04 01 00 00 00 00 00 00 04 00 c0 40 88 00 c0 00
04 08 00 00 00 00 00 00 04 08 00 00 00 00 00 00
04 01 00 00 00 00 00 00 04 08 00 00 00 00 00 00
04 20 20 00 00 00 00 00 04 00 02 00 00 00 00 00
04 01 00 00 00 00 00 00 04 08 00 00 00 00 00 00
04 00 00 00 00 00 00 00 04 08 00 00 00 00 00 00
04 08 00 00 00 00 00 00 04 00 c0 40 88 00 00 00
04 08 00 00 00 00 00 00 04 00 c0 40 88 00 00 00
04 01 00 00 00 00 00 00 04 00 c0 40 88 00 c0 00
04 08 00 00 00 00 00 00 04 08 00 00 00 00 00 00
04 01 00 00 00 00 00 00 04 08 00 00 00 00 00 00
04 00 20 00 00 00 00 00 04 00 02 00 00 00 00 00
04 01 00 00 00 00 00 00 04 08 00 00 00 00 00 00
04 00 00 00 00 00 00 00 04 08 00 00 00 00 00 00
04 08 00 00 00 00 00 00 04 00 c0 40 88 00 00 00
04 08 00 00 00 00 00 00 04 00 c0 40 88 00 00 00
04 01 00 00 00 00 00 00 04 00 c0 40 88 00 c0 00
04 08 00 00 00 00 00 00 04 08 00 00 00 00 00 00
04 01 00 00 00 00 00 00 04 08 00 00 00 00 00 00
04 20 20 00 00 00 00 00 04 00 02 00 00 00 00 00
04 01 00 00 00 00 00 00 04 08 00 00 00 00 00 00
14 10 10 10 10 10 10 10 04 08 00 00 00 00 00 00
00 00 00 00 00 00 00 00 00 00 00 00 00 00 00 00
00 00 00 00 00 00 00 00 00 00 00 00 00 00 00 00
00 00 00 00 00 00 00 00 00 00 00 00 00 00 00 00
00 00 00 00 00 00 00 00 00 00 00 00 00 00 00 00
00 00 00 00 00 00 00 00 00 00 00 00 00 00 00 00
00 00 00 00 00 00 00 00 00 00 00 00 00 00 00 00
00 00 00 00 00 00 00 00 00 00 00 00 00 00 00 00
00 00 00 00 00 00 00 00 00 00 00 00 00 00 00 00
04 08 00 00 00 00 00 00 04 00 c0 40 88 00 00 00
04 08 00 00 00 00 00 00 04 00 c0 40 88 00 00 00
04 00 00 00 00 00 00 00 04 00 c0 40 88 00 c0 00
04 08 00 00 00 00 00 00 04 08 00 00 00 00 00 00
04 01 00 00 00 00 00 00 04 08 00 00 00 00 00 00
04 00 00 00 00 00 00 00 04 00 02 00 00 00 00 00
04 01 00 00 00 00 00 00 04 08 00 00 00 00 00 00
04 00 00 00 00 00 00 00 04 08 00 00 00 00 00 00
04 08 00 00 00 00 00 00 04 00 c0 40 88 00 00 00
04 08 00 00 00 00 00 00 04 00 c0 40 88 00 00 00
04 00 00 00 00 00 00 00 04 00 c0 40 88 00 c0 00
04 08 00 00 00 00 00 00 04 08 00 00 00 00 00 00
04 01 00 00 00 00 00 00 04 08 00 00 00 00 00 00
04 00 20 00 00 00 00 00 04 00 02 00 00 00 00 00
04 01 00 00 00 00 00 00 04 08 00 00 00 00 00 00
04 00 00 00 00 00 00 00 04 08 00 00 00 00 00 00
04 08 00 00 00 00 00 00 04 00 c0 40 88 00 00 00
04 08 00 00 00 00 00 00 04 00 c0 40 88 00 00 00
04 00 00 00 00 00 00 00 04 00 c0 40 88 00 c0 00
04 08 00 00 00 00 00 00 04 08 00 00 00 00 00 00
04 01 00 00 00 00 00 00 04 08 00 00 00 00 00 00
04 20 20 00 00 00 00 00 04 00 02 00 00 00 00 00
04 01 00 00 00 00 00 00 04 08 00 00 00 00 00 00
14 10 10 10 10 10 10 10 04 08 00 00 00 00 00 00
