v3.0 hex words addressed
000: 0400 0880 0020 0000 0000 0000 0000 0000 0400 0000 c000 4010 8800 0020 0000 0000
010: 0400 0800 000a 0020 0000 0000 0000 0000 0400 0000 c000 4010 8800 0020 0000 0000
020: 0400 0100 0020 0000 0000 0000 0000 0000 0400 0000 c000 4010 8800 0000 c008 0020
030: 0400 0800 000a 0020 0000 0000 0000 0000 0400 0800 000a 0020 0000 0000 0000 0000
040: 0400 0100 0020 0000 0000 0000 0000 0000 0400 0800 000a 0020 0000 0000 0000 0000
050: 0400 0010 2010 0010 0020 0000 0000 0000 0400 0010 0210 0020 0000 0000 0000 0000
060: 0400 0000 0020 0000 0000 0000 0000 0000 0400 0800 000a 0020 0000 0000 0000 0000
070: 0400 0040 0020 0000 0000 0000 0000 0000 0400 0800 000a 0020 0000 0000 0000 0000
080: 0400 0880 0020 0000 0000 0000 0000 0000 0400 0000 c000 4010 8800 0020 0000 0000
090: 0400 0800 000a 0020 0000 0000 0000 0000 0400 0000 c000 4010 8800 0020 0000 0000
0a0: 0400 0100 0020 0000 0000 0000 0000 0000 0400 0000 c000 4010 8800 0000 c008 0020
0b0: 0400 0800 000a 0020 0000 0000 0000 0000 0400 0800 000a 0020 0000 0000 0000 0000
0c0: 0400 0100 0020 0000 0000 0000 0000 0000 0400 0800 000a 0020 0000 0000 0000 0000
0d0: 0400 2000 2008 0020 0000 0000 0000 0000 0400 0010 0210 0020 0000 0000 0000 0000
0e0: 0400 0000 0020 0000 0000 0000 0000 0000 0400 0800 000a 0020 0000 0000 0000 0000
0f0: 0400 0004 000a 0020 0000 0000 0000 0000 0400 0800 000a 0020 0000 0000 0000 0000
100: 0400 0880 0020 0000 0000 0000 0000 0000 0400 0000 c000 4010 8800 0020 0000 0000
110: 0400 0800 000a 0020 0000 0000 0000 0000 0400 0000 c000 4010 8800 0020 0000 0000
120: 0400 0100 0020 0000 0000 0000 0000 0000 0400 0000 c000 4010 8800 0000 c008 0020
130: 0400 0800 000a 0020 0000 0000 0000 0000 0400 0800 000a 0020 0000 0000 0000 0000
140: 0400 0100 0020 0000 0000 0000 0000 0000 0400 0800 000a 0020 0000 0000 0000 0000
150: 0400 0010 2010 0010 0020 0000 0000 0000 0400 0010 0210 0020 0000 0000 0000 0000
160: 0400 0000 0020 0000 0000 0000 0000 0000 0400 0800 000a 0020 0000 0000 0000 0000
170: 0400 0040 0020 0000 0000 0000 0000 0000 0400 0800 000a 0020 0000 0000 0000 0000
180: 0400 0880 0020 0000 0000 0000 0000 0000 0400 0000 c000 4010 8800 0020 0000 0000
190: 0400 0800 000a 0020 0000 0000 0000 0000 0400 0000 c000 4010 8800 0020 0000 0000
1a0: 0400 0100 0020 0000 0000 0000 0000 0000 0400 0000 c000 4010 8800 0000 c008 0020
1b0: 0400 0800 000a 0020 0000 0000 0000 0000 0400 0800 000a 0020 0000 0000 0000 0000
1c0: 0400 0100 0020 0000 0000 0000 0000 0000 0400 0800 000a 0020 0000 0000 0000 0000
1d0: 0400 2000 2008 0020 0000 0000 0000 0000 0400 0010 0210 0020 0000 0000 0000 0000
1e0: 0400 0000 0020 0000 0000 0000 0000 0000 0400 0800 000a 0020 0000 0000 0000 0000
1f0: 1400 1020 1000 1000 1000 1000 1000 1000 0400 0800 000a 0020 0000 0000 0000 0000
200: 0400 0880 0020 0000 0000 0000 0000 0000 0400 0000 c000 4010 8800 0020 0000 0000
210: 0400 0800 000a 0020 0000 0000 0000 0000 0400 0000 c000 4010 8800 0020 0000 0000
220: 0400 0000 0020 0000 0000 0000 0000 0000 0400 0000 c000 4010 8800 0000 c008 0020
230: 0400 0800 000a 0020 0000 0000 0000 0000 0400 0800 000a 0020 0000 0000 0000 0000
240: 0400 0100 0020 0000 0000 0000 0000 0000 0400 0800 000a 0020 0000 0000 0000 0000
250: 0400 0010 2010 0010 0020 0000 0000 0000 0400 0010 0210 0020 0000 0000 0000 0000
260: 0400 0000 0020 0000 0000 0000 0000 0000 0400 0800 000a 0020 0000 0000 0000 0000
270: 0400 0040 0020 0000 0000 0000 0000 0000 0400 0800 000a 0020 0000 0000 0000 0000
280: 0400 0880 0020 0000 0000 0000 0000 0000 0400 0000 c000 4010 8800 0020 0000 0000
290: 0400 0800 000a 0020 0000 0000 0000 0000 0400 0000 c000 4010 8800 0020 0000 0000
2a0: 0400 0000 0020 0000 0000 0000 0000 0000 0400 0000 c000 4010 8800 0000 c008 0020
2b0: 0400 0800 000a 0020 0000 0000 0000 0000 0400 0800 000a 0020 0000 0000 0000 0000
2c0: 0400 0100 0020 0000 0000 0000 0000 0000 0400 0800 000a 0020 0000 0000 0000 0000
2d0: 0400 2000 2008 0020 0000 0000 0000 0000 0400 0010 0210 0020 0000 0000 0000 0000
2e0: 0400 0000 0020 0000 0000 0000 0000 0000 0400 0800 000a 0020 0000 0000 0000 0000
2f0: 0400 0004 000a 0020 0000 0000 0000 0000 0400 0800 000a 0020 0000 0000 0000 0000
300: 0400 0880 0020 0000 0000 0000 0000 0000 0400 0000 c000 4010 8800 0020 0000 0000
310: 0400 0800 000a 0020 0000 0000 0000 0000 0400 0000 c000 4010 8800 0020 0000 0000
320: 0400 0000 0020 0000 0000 0000 0000 0000 0400 0000 c000 4010 8800 0000 c008 0020
330: 0400 0800 000a 0020 0000 0000 0000 0000 0400 0800 000a 0020 0000 0000 0000 0000
340: 0400 0100 0020 0000 0000 0000 0000 0000 0400 0800 000a 0020 0000 0000 0000 0000
350: 0400 0010 2010 0010 0020 0000 0000 0000 0400 0010 0210 0020 0000 0000 0000 0000
360: 0400 0000 0020 0000 0000 0000 0000 0000 0400 0800 000a 0020 0000 0000 0000 0000
370: 0400 0040 0020 0000 0000 0000 0000 0000 0400 0800 000a 0020 0000 0000 0000 0000
380: 0400 0880 0020 0000 0000 0000 0000 0000 0400 0000 c000 4010 8800 0020 0000 0000
390: 0400 0800 000a 0020 0000 0000 0000 0000 0400 0000 c000 4010 8800 0020 0000 0000
3a0: 0400 0000 0020 0000 0000 0000 0000 0000 0400 0000 c000 4010 8800 0000 c008 0020
3b0: 0400 0800 000a 0020 0000 0000 0000 0000 0400 0800 000a 0020 0000 0000 0000 0000
3c0: 0400 0100 0020 0000 0000 0000 0000 0000 0400 0800 000a 0020 0000 0000 0000 0000
3d0: 0400 2000 2008 0020 0000 0000 0000 0000 0400 0010 0210 0020 0000 0000 0000 0000
3e0: 0400 0000 0020 0000 0000 0000 0000 0000 0400 0800 000a 0020 0000 0000 0000 0000
3f0: 1400 1020 1000 1000 1000 1000 1000 1000 0400 0800 000a 0020 0000 0000 0000 0000
400: 0400 0880 0020 0000 0000 0000 0000 0000 0400 0000 c000 4010 8800 0020 0000 0000
410: 0400 0800 000a 0020 0000 0000 0000 0000 0400 0000 c000 4010 8800 0020 0000 0000
420: 0400 0100 0020 0000 0000 0000 0000 0000 0400 0000 c000 4010 8800 0000 c008 0020
430: 0400 0800 000a 0020 0000 0000 0000 0000 0400 0800 000a 0020 0000 0000 0000 0000
440: 0400 0100 0020 0000 0000 0000 0000 0000 0400 0800 000a 0020 0000 0000 0000 0000
450: 0400 0010 2010 0010 0020 0000 0000 0000 0400 0010 0210 0020 0000 0000 0000 0000
460: 0400 0100 0020 0000 0000 0000 0000 0000 0400 0800 000a 0020 0000 0000 0000 0000
470: 0400 0040 0020 0000 0000 0000 0000 0000 0400 0800 000a 0020 0000 0000 0000 0000
480: 0400 0880 0020 0000 0000 0000 0000 0000 0400 0000 c000 4010 8800 0020 0000 0000
490: 0400 0800 000a 0020 0000 0000 0000 0000 0400 0000 c000 4010 8800 0020 0000 0000
4a0: 0400 0100 0020 0000 0000 0000 0000 0000 0400 0000 c000 4010 8800 0000 c008 0020
4b0: 0400 0800 000a 0020 0000 0000 0000 0000 0400 0800 000a 0020 0000 0000 0000 0000
4c0: 0400 0100 0020 0000 0000 0000 0000 0000 0400 0800 000a 0020 0000 0000 0000 0000
4d0: 0400 2000 2008 0020 0000 0000 0000 0000 0400 0010 0210 0020 0000 0000 0000 0000
4e0: 0400 0100 0020 0000 0000 0000 0000 0000 0400 0800 000a 0020 0000 0000 0000 0000
4f0: 0400 0004 000a 0020 0000 0000 0000 0000 0400 0800 000a 0020 0000 0000 0000 0000
500: 0400 0880 0020 0000 0000 0000 0000 0000 0400 0000 c000 4010 8800 0020 0000 0000
510: 0400 0800 000a 0020 0000 0000 0000 0000 0400 0000 c000 4010 8800 0020 0000 0000
520: 0400 0100 0020 0000 0000 0000 0000 0000 0400 0000 c000 4010 8800 0000 c008 0020
530: 0400 0800 000a 0020 0000 0000 0000 0000 0400 0800 000a 0020 0000 0000 0000 0000
540: 0400 0100 0020 0000 0000 0000 0000 0000 0400 0800 000a 0020 0000 0000 0000 0000
550: 0400 0010 2010 0010 0020 0000 0000 0000 0400 0010 0210 0020 0000 0000 0000 0000
560: 0400 0100 0020 0000 0000 0000 0000 0000 0400 0800 000a 0020 0000 0000 0000 0000
570: 0400 0040 0020 0000 0000 0000 0000 0000 0400 0800 000a 0020 0000 0000 0000 0000
580: 0400 0880 0020 0000 0000 0000 0000 0000 0400 0000 c000 4010 8800 0020 0000 0000
590: 0400 0800 000a 0020 0000 0000 0000 0000 0400 0000 c000 4010 8800 0020 0000 0000
5a0: 0400 0100 0020 0000 0000 0000 0000 0000 0400 0000 c000 4010 8800 0000 c008 0020
5b0: 0400 0800 000a 0020 0000 0000 0000 0000 0400 0800 000a 0020 0000 0000 0000 0000
5c0: 0400 0100 0020 0000 0000 0000 0000 0000 0400 0800 000a 0020 0000 0000 0000 0000
5d0: 0400 2000 2008 0020 0000 0000 0000 0000 0400 0010 0210 0020 0000 0000 0000 0000
5e0: 0400 0100 0020 0000 0000 0000 0000 0000 0400 0800 000a 0020 0000 0000 0000 0000
5f0: 1400 1020 1000 1000 1000 1000 1000 1000 0400 0800 000a 0020 0000 0000 0000 0000
600: 0000 0000 0000 0000 0000 0000 0000 0000 0000 0000 0000 0000 0000 0000 0000 0000
610: 0000 0000 0000 0000 0000 0000 0000 0000 0000 0000 0000 0000 0000 0000 0000 0000
620: 0000 0000 0000 0000 0000 0000 0000 0000 0000 0000 0000 0000 0000 0000 0000 0000
630: 0000 0000 0000 0000 0000 0000 0000 0000 0000 0000 0000 0000 0000 0000 0000 0000
640: 0000 0000 0000 0000 0000 0000 0000 0000 0000 0000 0000 0000 0000 0000 0000 0000
650: 0000 0000 0000 0000 0000 0000 0000 0000 0000 0000 0000 0000 0000 0000 0000 0000
660: 0000 0000 0000 0000 0000 0000 0000 0000 0000 0000 0000 0000 0000 0000 0000 0000
670: 0000 0040 0020 0000 0000 0000 0000 0000 0000 0000 0000 0000 0000 0000 0000 0000
680: 0400 0880 0020 0000 0000 0000 0000 0000 0400 0000 c000 4010 8800 0020 0000 0000
690: 0400 0800 000a 0020 0000 0000 0000 0000 0400 0000 c000 4010 8800 0020 0000 0000
6a0: 0400 0100 0020 0000 0000 0000 0000 0000 0400 0000 c000 4010 8800 0000 c008 0020
6b0: 0400 0800 000a 0020 0000 0000 0000 0000 0400 0800 000a 0020 0000 0000 0000 0000
6c0: 0400 0100 0020 0000 0000 0000 0000 0000 0400 0800 000a 0020 0000 0000 0000 0000
6d0: 0400 0020 0000 0000 0000 0000 0000 0000 0400 0010 0210 0020 0000 0000 0000 0000
6e0: 0400 0100 0020 0000 0000 0000 0000 0000 0400 0800 000a 0020 0000 0000 0000 0000
6f0: 0400 0004 000a 0020 0000 0000 0000 0000 0400 0800 000a 0020 0000 0000 0000 0000
700: 0400 0880 0020 0000 0000 0000 0000 0000 0400 0000 c000 4010 8800 0020 0000 0000
710: 0400 0800 000a 0020 0000 0000 0000 0000 0400 0000 c000 4010 8800 0020 0000 0000
720: 0400 0100 0020 0000 0000 0000 0000 0000 0400 0000 c000 4010 8800 0000 c008 0020
730: 0400 0800 000a 0020 0000 0000 0000 0000 0400 0800 000a 0020 0000 0000 0000 0000
740: 0400 0100 0020 0000 0000 0000 0000 0000 0400 0800 000a 0020 0000 0000 0000 0000
750: 0400 0010 2010 0010 0020 0000 0000 0000 0400 0010 0210 0020 0000 0000 0000 0000
760: 0400 0100 0020 0000 0000 0000 0000 0000 0400 0800 000a 0020 0000 0000 0000 0000
770: 0400 0040 0020 0000 0000 0000 0000 0000 0400 0800 000a 0020 0000 0000 0000 0000
780: 0400 0880 0020 0000 0000 0000 0000 0000 0400 0000 c000 4010 8800 0020 0000 0000
790: 0400 0800 000a 0020 0000 0000 0000 0000 0400 0000 c000 4010 8800 0020 0000 0000
7a0: 0400 0100 0020 0000 0000 0000 0000 0000 0400 0000 c000 4010 8800 0000 c008 0020
7b0: 0400 0800 000a 0020 0000 0000 0000 0000 0400 0800 000a 0020 0000 0000 0000 0000
7c0: 0400 0100 0020 0000 0000 0000 0000 0000 0400 0800 000a 0020 0000 0000 0000 0000
7d0: 0400 2000 2008 0020 0000 0000 0000 0000 0400 0010 0210 0020 0000 0000 0000 0000
7e0: 0400 0100 0020 0000 0000 0000 0000 0000 0400 0800 000a 0020 0000 0000 0000 0000
7f0: 1400 1020 1000 1000 1000 1000 1000 1000 0400 0800 000a 0020 0000 0000 0000 0000
